2.17936 5.94644 0.310281 
3.84315 1.0547 0.363938 
2.24374 7.38781 0.311073 
2.42871 0.387959 0.308754 
2.24041 0.500998 0.270285 
2.54604 6.14662 0.365178 
2.17825 0.895693 0.308153 
2.1371 8.66936 0.279839 
2.50929 3.67705 0.315098 
2.21283 3.29443 0.255258 
3.51987 0.258904 0.244184 
2.43852 5.92204 0.288715 
2.13966 8.59697 0.42161 
2.42212 0.499981 0.313961 
2.36084 0.93117 0.419273 
2.76639 20.9108 0.30804 
2.4392 0.671372 0.376751 
2.50286 0.895956 0.276087 
3.96158 55.2278 0.310241 
2.38868 1.16307 0.262428 
2.40727 6.72987 0.364059 
2.33927 21.17 0.24719 
2.2393 0.573959 0.276616 
2.7596 4.50533 0.31639 
3.03009 3.4688 0.241097 
2.18552 0.822136 0.249777 
3.20997 3.59573 0.364968 
3.10003 7.93608 0.307629 
2.63746 6.41605 0.264507 
2.40075 3.19706 0.311286 
2.37407 3.14244 0.239244 
2.23687 26.7488 0.294771 
2.33102 5.545 0.256703 
2.22192 1.36973 0.432462 
2.24815 0.933147 0.417134 
2.77849 8.12959 0.297809 
2.24933 2.96098 0.311676 
2.06575 2.07862 0.425333 
2.46233 0.695976 0.309883 
2.23263 1.94711 0.326658 
2.46774 8.73785 0.278957 
2.32382 3.7971 0.37171 
2.56924 4.28671 0.287318 
2.81741 3.0979 0.282104 
2.31272 12.4568 0.284813 
2.48353 0.617404 0.322862 
2.16702 1.17066 0.430078 
2.45727 0.655106 0.41078 
2.40281 1.18535 0.264376 
2.4702 2.01659 0.313285 
2.59342 0.820388 0.348528 
2.46305 7.65876 0.247871 
2.48774 1.03695 0.425839 
2.0509 10.4279 0.373831 
2.40907 7.0936 0.306048 
2.16742 5.09622 0.310437 
2.24313 4.9284 0.31609 
2.44389 4.83602 0.297211 
2.02925 2.01016 0.365071 
2.2319 2.10957 0.246076 
3.12922 0.99331 0.330565 
2.3999 1.9946 0.243458 
2.22715 1.33722 0.371567 
2.1235 19.5784 0.258024 
2.20771 4.38038 0.307098 
2.16635 19.5386 0.317718 
2.20643 3.71566 0.239597 
2.71438 1.88942 0.312499 
2.4495 11.9952 0.313121 
2.26407 0.555201 0.411339 
2.47237 8.6212 0.305338 
2.142 0.782032 0.408882 
2.36402 2.42333 0.253101 
2.40247 1.23765 0.360016 
2.39955 1.26194 0.273703 
2.26421 0.831173 0.367417 
2.79656 1.38252 0.3359 
2.35436 2.3299 0.254487 
2.22806 0.179848 0.27934 
3.16867 0.61469 0.288122 
2.78061 10.0344 0.269613 
2.19811 3.62938 0.317402 
3.43149 8.16616 0.304031 
2.43909 8.04475 0.41099 
3.09137 0.993926 0.351253 
2.1434 8.76999 0.360039 
2.18017 1.62268 0.341783 
2.62737 0.559819 0.308763 
2.21307 2.91637 0.433208 
2.1987 7.43692 0.267479 
2.42935 19.4374 0.311651 
2.34105 3.53222 0.283887 
2.55222 6.75691 0.270695 
2.47468 1.34315 0.295518 
2.48609 10.2472 0.267439 
2.38803 0.393842 0.310419 
2.46994 4.66361 0.31208 
2.4123 1.30993 0.371754 
3.13562 0.86177 0.384603 
3.85753 0.994494 0.324963 
2.21652 4.22333 0.32084 
2.25441 7.08015 0.279396 
2.33624 1.23333 0.255626 
2.74642 19.6741 0.319867 
2.44576 3.37276 0.432074 
2.53461 5.84929 0.309525 
3.48843 6.7827 0.299415 
2.42085 3.66135 0.370641 
2.21882 7.88212 0.285151 
2.44472 0.742233 0.32055 
2.42405 7.61445 0.294779 
2.23286 4.1258 0.309813 
2.23156 7.35833 0.363405 
2.29179 3.00099 0.313385 
2.16251 0.844479 0.307587 
2.58632 1.42103 0.311684 
3.12954 1.80721 0.366583 
2.20827 3.60125 0.248979 
2.41106 3.92587 0.312237 
2.59826 2.16093 0.419541 
2.28373 1.16217 0.434343 
2.31257 2.18905 0.417224 
2.35988 8.08963 0.306563 
2.49643 5.88116 0.363888 
2.27798 1.30811 0.321465 
2.19247 0.681588 0.307674 
2.03508 5.19011 0.284938 
2.54652 0.481452 0.279479 
3.48041 0.33032 0.241698 
2.30486 1.57455 0.378592 
2.33448 1.8056 0.368336 
2.34376 6.52461 0.343081 
2.2458 7.54362 0.311992 
2.10855 0.645401 0.41636 
2.22743 0.6551 0.315593 
4.32818 1.40038 0.374735 
2.23899 26.2173 0.290145 
2.57742 1.67445 0.424365 
2.43227 3.10108 0.29723 
2.27353 8.5184 0.292655 
2.72869 2.5551 0.370359 
2.26597 6.12744 0.316896 
2.533 15.3544 0.312746 
2.52949 1.98852 0.310517 
2.33507 0.459736 0.328133 
2.24486 0.959529 0.362593 
2.47535 2.28081 0.282211 
2.48589 1.26446 0.428148 
3.23593 1.42212 0.257857 
2.61601 0.736331 0.326045 
2.30166 4.56944 0.27771 
2.21967 2.27901 0.365015 
2.44583 0.467026 0.301666 
2.43852 7.25207 0.317101 
2.50642 0.336698 0.259066 
2.64088 3.89581 0.291849 
2.24106 1.0174 0.29191 
3.36189 5.90492 0.30626 
2.45458 10.0192 0.299606 
2.40437 6.07888 0.307925 
2.42662 7.88107 0.311925 
2.28436 6.17138 0.451203 
2.24395 4.93259 0.270405 
2.15363 3.81226 0.662714 
3.20456 8.44506 0.289554 
2.28809 4.5942 0.278474 
3.48004 6.44976 0.371314 
2.45574 11.7377 0.321918 
2.40388 0.791431 0.406733 
2.47249 0.792387 0.341745 
2.84111 2.63458 0.419549 
2.65703 8.00249 0.243195 
2.0241 6.47278 0.309503 
2.40088 4.72813 0.306775 
2.59328 1.66916 0.265288 
2.424 10.8084 0.276455 
2.50164 0.451359 0.303391 
2.4224 8.15207 0.317787 
2.39692 77.7793 0.254999 
2.51373 8.32487 0.311947 
2.21312 11.0773 0.311508 
2.37077 2.01883 0.245717 
2.42244 2.16043 0.243476 
3.28626 5.00552 0.313181 
2.45787 1.03323 0.246667 
2.10001 0.393251 0.359515 
2.22764 2.48495 0.24198 
2.16763 13.6916 0.312153 
2.43045 2.17601 0.284071 
2.44793 7.09514 0.311056 
2.23137 9.03496 0.262671 
4.19283 0.17356 0.249179 
2.46923 7.40292 0.314381 
2.33543 3.08897 0.243294 
2.51092 2.61062 0.409876 
2.22662 0.375785 0.425822 
2.6339 10.6509 0.256004 
2.9843 3.55533 0.246168 
2.41445 3.26122 0.257562 
2.4045 1.98743 0.378797 
2.13086 5.20937 0.261707 
2.26498 21.2929 0.320773 
2.29419 1.06764 0.408688 
2.2271 4.2843 0.246602 
2.18057 4.56077 0.316177 
2.2114 2.28937 0.375184 
2.29984 0.877853 0.32052 
2.58275 2.4363 0.269764 
2.18912 9.15299 0.290336 
2.25141 0.890464 0.30417 
2.35959 3.60863 0.309485 
2.52976 2.91622 0.249509 
2.2192 0.422259 0.310634 
2.46809 0.849735 0.413652 
2.22652 9.77872 0.275529 
2.53269 8.11215 0.253878 
1.92313 15.9732 0.412515 
2.59206 4.80158 0.306543 
3.47661 1.20984 0.327322 
2.36435 2.06711 0.367349 
3.01318 1.10411 0.407331 
2.52795 13.6348 0.31335 
2.36366 50.5777 0.267785 
2.44205 6.23362 0.308736 
2.22844 0.294248 0.417507 
2.50602 0.688197 0.356585 
2.15413 3.92006 0.243313 
2.34251 2.09613 0.243141 
2.26687 2.39124 0.319075 
2.32236 1.15572 0.358726 
2.66534 1.6856 0.411367 
2.36898 3.27137 0.272799 
2.48611 3.15011 0.271622 
2.43135 2.35515 0.257294 
2.97996 3.41762 0.25615 
2.15728 17.2649 0.316075 
2.19579 3.50699 0.246842 
2.38068 4.00693 0.312603 
2.0816 21.8951 0.320688 
2.69121 7.50787 0.323726 
2.38803 6.48817 0.258671 
2.28688 2.15185 0.362621 
2.29818 4.66901 0.245848 
2.81131 4.59506 0.312398 
2.29745 6.57739 0.408636 
2.46397 3.18276 0.241825 
2.41012 15.6076 0.250063 
2.40424 2.69176 0.292507 
3.12958 2.01236 0.277004 
2.94241 0.833339 0.288437 
2.19855 1.45863 0.289847 
2.14453 6.21514 0.259423 
2.42912 0.494959 0.352833 
2.6633 0.950568 0.363993 
2.4845 4.62565 0.292126 
2.29718 6.6851 0.310157 
3.14323 9.396 0.24837 
2.12711 1.39781 0.271685 
2.51545 21.1296 0.266395 
2.29212 1.68271 0.432922 
3.28603 0.617288 0.310036 
2.48306 3.03161 0.240433 
3.11889 1.0298 0.361855 
2.43155 4.30875 0.240141 
3.49669 1.33931 0.371018 
3.24544 16.1322 0.31997 
3.16649 2.60059 0.306472 
2.50713 2.40827 0.270156 
4.57407 3.08166 0.319363 
2.54116 3.16667 0.243476 
2.16323 5.29779 0.257364 
2.47493 1.69128 0.413047 
2.1896 0.928075 0.283949 
2.47923 3.36511 0.368466 
2.45282 2.16594 0.298996 
2.2998 1.96544 0.365932 
2.3637 0.476957 0.365539 
2.89486 23.3903 0.319197 
2.33901 0.337575 0.324642 
2.14039 2.99275 0.30656 
2.14625 4.7028 0.311243 
2.52594 2.13199 0.427701 
2.22166 0.190559 0.285501 
2.23722 18.2357 0.286454 
2.2097 5.79436 0.266556 
5.18794 1.04148 0.348869 
2.18447 2.07786 0.422642 
2.47519 1.53754 0.311101 
2.80826 0.262661 0.294653 
2.45901 2.11264 0.241723 
2.45851 3.44697 0.286758 
2.24761 11.7215 0.417147 
2.48117 1.52605 0.320247 
2.37583 4.72007 0.378564 
2.19408 1.51908 0.318787 
2.45613 2.0444 0.25902 
2.50938 4.12031 0.325742 
3.73194 47.8288 0.249074 
2.42342 4.80616 0.254478 
2.46188 0.683 0.30935 
2.42508 16.4907 0.270017 
