0.001132 0.00948 0.002557 1.5129 
0.00118 0.00844 0.002515 0.081344 
0.00297 0.021446 0.004818 1.0626 
0.001075 0.010512 0.002274 0.983479 
0.002817 0.008285 0.002539 1.06512 
0.001067 0.01009 0.002567 0.559157 
0.001117 0.009866 0.002281 1.58025 
0.001605 0.014799 0.002788 0.295725 
0.001072 0.011799 0.002414 0.784962 
0.001092 0.011508 0.002615 1.93757 
0.001189 0.011916 0.00238 0.950678 
0.001137 0.012345 0.001889 0.489021 
0.001653 0.010086 0.002029 1.21022 
0.001089 0.010278 0.002544 0.686732 
0.001525 0.010108 0.002582 0.701978 
0.001516 0.01547 0.002905 0.747032 
0.001595 0.012362 0.002578 1.28929 
0.001203 0.010168 0.002028 0.187813 
0.001118 0.010442 0.002036 0.229521 
0.001145 0.010078 0.001974 0.439887 
0.001011 0.008739 0.002737 0.617939 
0.001099 0.010134 0.001971 0.778302 
0.001064 0.010481 0.001979 0.44824 
0.001645 0.060699 0.003409 0.717593 
0.002732 0.020712 0.004371 0.616566 
0.001085 0.010196 0.002123 0.553106 
0.001105 0.013061 0.002587 0.728951 
0.001312 0.010206 0.002129 0.789304 
0.001107 0.012768 0.002321 0.362942 
0.001072 0.010298 0.002344 0.354477 
0.0011 0.008979 0.002627 0.596858 
0.00277 0.010391 0.002489 1.31644 
0.001125 0.0069 0.002402 0.095678 
0.002792 0.068384 0.00553 0.28012 
0.001137 0.008125 0.001933 0.165395 
0.001765 0.012718 0.003286 1.98457 
0.001553 0.014419 0.002369 0.864052 
0.002765 0.022768 0.005701 1.35146 
0.001092 0.010296 0.002314 0.789244 
0.001065 0.008147 0.002043 1.40688 
0.001643 0.015217 0.003296 1.36225 
0.0011 0.011736 0.002189 0.095515 
0.002745 0.007987 0.00235 0.729875 
0.002197 0.010462 0.002201 0.836421 
0.00125 0.010762 0.001996 0.260533 
0.001488 0.011884 0.003133 1.21997 
0.002241 0.010008 0.002525 0.901967 
0.001087 0.008377 0.001938 1.45673 
0.001603 0.010567 0.002051 0.791426 
0.001114 0.028749 0.002206 0.018168 
0.001109 0.010291 0.002492 0.811558 
0.001666 0.012608 0.003443 1.43579 
0.001781 0.012856 0.003196 1.12384 
0.002812 0.010784 0.002111 0.675584 
0.00108 0.009582 0.002002 0.83526 
0.001357 0.009582 0.002552 0.76306 
0.002869 0.024732 0.002177 0.188227 
0.001136 0.010058 0.002119 1.11049 
0.001106 0.010221 0.002682 1.01623 
0.001693 0.010804 0.002296 0.551974 
0.001119 0.013429 0.003613 1.25514 
0.001077 0.010309 0.00269 0.636061 
0.001167 0.010211 0.002063 0.248357 
0.00287 0.020901 0.005657 0.40687 
0.001948 0.012743 0.003537 1.13143 
0.001432 0.011691 0.002819 0.988982 
0.001105 0.008295 0.002101 1.34635 
0.002748 0.050475 0.004799 0.842293 
0.001681 0.009865 0.002455 0.479291 
0.001197 0.010256 0.002124 0.791165 
0.001806 0.006692 0.002291 0.046296 
0.001046 0.012285 0.002171 0.056585 
0.001187 0.00859 0.002026 0.42472 
0.002172 0.016723 0.004452 0.59528 
0.001361 0.010491 0.002567 0.464479 
0.001204 0.010143 0.002743 0.348733 
0.00225 0.010134 0.002462 1.11035 
0.001475 0.008541 0.002454 1.11536 
0.001077 0.010549 0.002629 0.627191 
0.001096 0.010226 0.002678 0.542209 
0.00166 0.012688 0.003123 0.783238 
0.001092 0.008418 0.002013 0.215566 
0.001085 0.008235 0.002131 1.06365 
0.001696 0.013424 0.0032 1.01023 
0.002845 0.022496 0.00555 1.92573 
0.00117 0.009595 0.004471 0.192001 
0.001158 0.010361 0.002479 0.714523 
0.001383 0.009735 0.002677 1.40182 
0.001085 0.010742 0.002487 0.3678 
0.001591 0.010124 0.002317 0.836051 
0.001072 0.010003 0.002332 0.292577 
0.001045 0.010189 0.002184 1.00551 
0.00108 0.008543 0.002272 1.41516 
0.002365 0.017149 0.003804 1.9179 
0.001159 0.010141 0.002347 0.477232 
0.001693 0.013089 0.003339 2.34629 
0.001668 0.014559 0.003399 1.58938 
0.001017 0.008703 0.002207 0.752761 
0.001057 0.010043 0.002599 0.420016 
0.001079 0.0112 0.002279 1.08478 
0.001112 0.012894 0.002385 0.343426 
0.001691 0.0082 0.002274 0.242279 
0.001553 0.013114 0.002952 0.293582 
0.001586 0.012029 0.002024 0.45758 
0.00167 0.008548 0.002199 0.345811 
0.001147 0.010549 0.002755 0.697286 
0.001064 0.009372 0.002184 0.421574 
0.002887 0.010892 0.002152 0.518392 
0.001102 0.010176 0.002335 0.242084 
0.00286 0.010747 0.002562 1.11911 
0.002893 0.02075 0.004751 1.50765 
0.001307 0.010557 0.00221 0.191626 
0.001237 0.008818 0.002372 0.314967 
0.00111 0.010709 0.002855 0.362401 
0.002826 0.021208 0.005883 0.631829 
0.001513 0.012417 0.002599 0.37075 
0.001257 0.013346 0.003249 1.79225 
0.001112 0.011894 0.003173 0.425511 
0.001085 0.009998 0.002359 0.80437 
0.001183 0.00885 0.003519 0.116077 
0.001092 0.010108 0.002181 0.181322 
0.001115 0.010106 0.002364 0.8723 
0.001112 0.01017 0.002956 1.43731 
0.001054 0.010964 0.001969 0.415709 
0.00112 0.011778 0.002291 1.472 
0.001134 0.008889 0.002507 0.705563 
0.00113 0.010499 0.002026 0.161428 
0.001315 0.010556 0.002552 0.668018 
0.001197 0.00967 0.002337 1.24674 
0.001577 0.013001 0.003407 0.407777 
0.001132 0.010211 0.001968 0.338329 
0.001698 0.009051 0.002614 0.150589 
0.00111 0.01104 0.002157 0.070056 
0.002952 0.01027 0.002008 0.782239 
0.001119 0.008783 0.002448 0.197586 
0.002825 0.021394 0.004911 1.41686 
0.001102 0.010118 0.002166 0.140456 
0.001164 0.010153 0.001995 0.946333 
0.001635 0.011581 0.003058 0.147636 
0.00271 0.023863 0.004793 1.51067 
0.001067 0.010577 0.002258 1.24511 
0.002687 0.020477 0.004838 0.91005 
0.001129 0.010161 0.002079 0.38394 
0.001663 0.011896 0.003539 0.152244 
0.001518 0.012949 0.002289 0.287165 
0.001047 0.011057 0.002662 1.19277 
0.001295 0.010527 0.002016 0.822725 
0.00111 0.009803 0.002472 0.414928 
0.001089 0.012413 0.002425 0.947487 
0.00124 0.010339 0.002247 0.317382 
0.001375 0.010602 0.002486 0.235115 
0.002131 0.017076 0.004736 3.04469 
0.001144 0.01118 0.002201 0.752137 
0.001335 0.026412 0.002206 0.628349 
0.002923 0.024336 0.005364 1.322 
0.00121 0.010379 0.002057 1.57231 
0.00294 0.023003 0.004494 1.17098 
0.001135 0.008437 0.001981 0.497391 
0.001756 0.013021 0.003657 2.85721 
0.001739 0.008641 0.002133 0.573751 
0.001768 0.031702 0.00316 1.60289 
0.00165 0.013211 0.003449 1.36033 
0.001094 0.010339 0.002299 0.249852 
0.001736 0.010143 0.00237 0.255113 
0.001215 0.010219 0.002184 0.183168 
0.002695 0.009985 0.00269 0.918397 
0.001125 0.007494 0.002665 0.049271 
0.001717 0.012633 0.002835 0.481263 
0.001135 0.025634 0.002762 1.158 
0.001622 0.010321 0.002464 0.073347 
0.001209 0.01251 0.002199 0.299439 
0.001057 0.008756 0.002018 0.94768 
0.001075 0.038485 0.002546 0.63012 
0.001127 0.010702 0.002502 1.64588 
0.001127 0.010531 0.001989 0.45926 
0.001453 0.010121 0.002758 0.66208 
0.00273 0.023442 0.004733 0.905171 
0.001372 0.010349 0.002258 1.1238 
0.00117 0.009414 0.003138 0.600087 
0.001603 0.014391 0.002507 0.176301 
0.001555 0.012041 0.003449 0.604524 
0.001085 0.048813 0.002627 1.15606 
0.001676 0.012567 0.003486 0.824969 
0.001701 0.012898 0.002992 1.03861 
0.001117 0.010123 0.002261 0.39407 
0.001137 0.009901 0.002472 1.40487 
0.001651 0.011458 0.003252 0.118233 
0.001743 0.012445 0.003288 0.838068 
0.001117 0.010925 0.001964 1.54321 
0.001305 0.010112 0.002252 0.342176 
0.002751 0.022565 0.00565 1.85256 
0.001255 0.008711 0.001951 0.951154 
0.00105 0.006851 0.002242 0.030072 
0.001105 0.010388 0.002008 0.695654 
0.001042 0.010058 0.029223 0.12895 
0.001452 0.011892 0.002452 0.694624 
0.001158 0.009971 0.002304 0.16009 
0.001167 0.006319 0.002191 0.034352 
0.002483 0.019179 0.004058 2.1081 
0.001067 0.009264 0.002008 1.23838 
0.001164 0.010319 0.001966 1.31096 
0.001177 0.008054 0.001991 0.6328 
0.0011 0.010319 0.002359 0.435806 
0.001916 0.014263 0.003339 0.952441 
0.001212 0.010469 0.002417 0.9489 
0.001651 0.015013 0.002933 1.61732 
0.002697 0.021669 0.004948 0.280296 
0.002785 0.008418 0.002342 0.740037 
0.001117 0.008631 0.002285 0.967513 
0.002337 0.017416 0.00459 2.44274 
0.001087 0.010965 0.002291 0.099004 
0.001337 0.010166 0.001958 0.419719 
0.001177 0.010058 0.002455 1.44446 
0.001095 0.010486 0.002112 0.359208 
0.002402 0.008908 0.002188 0.782177 
0.001658 0.012856 0.003271 0.252092 
0.001056 0.010509 0.002467 1.01434 
0.001436 0.011314 0.002607 1.16383 
0.001125 0.010449 0.001811 0.211879 
0.001733 0.015074 0.003266 0.531784 
0.002797 0.019547 0.002054 0.859426 
0.0011 0.009443 0.001906 1.36248 
0.002868 0.020975 0.005423 2.05189 
0.001829 0.012954 0.003346 0.997427 
0.00268 0.008783 0.003063 0.636103 
0.001165 0.008646 0.011313 1.29581 
0.001052 0.010462 0.001999 1.58065 
0.001388 0.008728 0.002214 0.373796 
0.001162 0.010308 0.002324 0.715121 
0.001087 0.008095 0.002209 0.400622 
0.002722 0.010611 0.002004 0.864675 
0.002967 0.010902 0.002254 0.212373 
0.001723 0.033237 0.002029 0.201621 
0.00112 0.010258 0.002297 1.18392 
0.001072 0.00992 0.002525 0.757204 
0.001025 0.008332 0.002239 1.08122 
0.001693 0.010013 0.002484 0.83292 
0.001077 0.010146 0.002344 0.201366 
0.001607 0.012866 0.003001 1.42044 
0.001147 0.010146 0.002499 0.658149 
0.001031 0.006622 0.002943 0.031154 
0.001362 0.011025 0.002016 1.15747 
0.001084 0.012632 0.002322 0.903008 
0.001681 0.012813 0.00286 0.392906 
0.00108 0.01133 0.002157 0.273463 
0.00164 0.012427 0.003448 2.34328 
0.001094 0.010378 0.002527 1.65771 
0.001115 0.010226 0.00269 0.339123 
0.004633 0.020817 0.005407 1.18301 
0.001718 0.013206 0.002835 0.72004 
0.001135 0.008428 0.002219 0.537589 
0.001087 0.012309 0.002654 0.847971 
0.001147 0.008388 0.002519 1.18656 
0.00118 0.009868 0.00266 0.222446 
0.00123 0.00923 0.004168 0.139274 
0.001057 0.042971 0.001921 0.2231 
0.001117 0.010015 0.002239 1.23212 
0.001172 0.011122 0.0026 0.169541 
0.001092 0.008794 0.002446 0.559465 
0.001072 0.011025 0.002241 0.76678 
0.001173 0.010248 0.002274 0.579368 
0.001172 0.010153 0.002089 0.958462 
0.002106 0.021587 0.004743 0.984862 
0.001115 0.007288 0.003451 0.097468 
0.001094 0.104671 0.004773 0.927884 
0.00113 0.010687 0.002961 0.945394 
0.001683 0.012798 0.002793 0.260765 
0.001317 0.010417 0.001936 1.18166 
0.001087 0.009454 0.002209 0.972542 
0.001044 0.042789 0.002072 0.640689 
0.001029 0.008408 0.002066 0.755489 
0.001586 0.013289 0.002808 1.48835 
0.001713 0.012705 0.003135 0.646831 
0.002747 0.024664 0.004643 1.63194 
0.001129 0.009057 0.002029 0.237641 
0.001666 0.006918 0.002457 0.029438 
0.001736 0.013328 0.00271 0.806944 
0.001315 0.00978 0.002808 0.688653 
0.001728 0.012753 0.003457 1.21911 
0.001673 0.013077 0.003001 1.03434 
0.001719 0.014637 0.002976 2.22892 
0.001105 0.009978 0.002124 0.702318 
0.002214 0.021271 0.005187 1.91362 
0.001105 0.009468 0.002432 0.72828 
0.001067 0.009813 0.002379 0.28752 
0.001084 0.01003 0.002251 1.14005 
0.001105 0.008741 0.001989 0.948148 
0.001653 0.014121 0.003013 2.32721 
0.001047 0.009948 0.001886 0.305692 
0.001395 0.009998 0.002003 1.00049 
0.002174 0.019643 0.004075 2.68847 
0.001099 0.008555 0.001921 1.15528 
0.001092 0.00997 0.002211 1.55644 
0.001703 0.013682 0.003572 1.44234 
0.001708 0.015155 0.003449 0.861234 
0.00271 0.009596 0.002036 0.814462 
0.001661 0.011165 0.002417 0.425842 
0.001062 0.010063 0.002047 0.308762 
0.001064 0.010238 0.002136 0.883707 
0.001094 0.010406 0.002384 0.697424 
0.00273 0.023064 0.004636 1.60408 
0.001115 0.008731 0.001976 1.04087 
0.001643 0.012492 0.00274 0.685771 
0.002783 0.010337 0.001956 0.153975 
0.001094 0.010441 0.002337 1.14206 
0.001741 0.010516 0.001919 0.223623 
0.002791 0.023292 0.004643 0.705779 
0.001828 0.015323 0.002595 1.24236 
0.001115 0.031061 0.002172 1.0295 
0.0014 0.010133 0.002139 1.23353 
0.00173 0.013091 0.002921 1.80532 
0.00106 0.010772 0.002805 0.353519 
0.001209 0.010366 0.002034 1.07028 
0.001117 0.010128 0.002152 0.341177 
0.001132 0.008898 0.001966 0.586184 
0.001222 0.008528 0.002016 1.13028 
0.002717 0.007596 0.002332 0.036401 
0.001259 0.010283 0.002424 1.18885 
0.001703 0.008305 0.013723 0.719805 
0.001139 0.009773 0.002089 1.10438 
0.001069 0.008472 0.002284 0.947222 
0.001092 0.009143 0.002199 0.466651 
0.001861 0.013269 0.002547 0.405363 
0.00165 0.010338 0.002297 1.25756 
0.0011 0.010922 0.002595 1.25578 
0.001225 0.011347 0.002287 0.741799 
0.001185 0.010093 0.00232 0.508639 
0.001182 0.010719 0.001984 0.249239 
0.001132 0.010228 0.001989 0.756668 
0.00157 0.013414 0.003047 1.55383 
0.002153 0.018776 0.004117 0.457991 
0.0012 0.010278 0.002251 0.848166 
0.001114 0.010091 0.002319 0.725167 
0.001129 0.008936 0.002044 0.59943 
0.002742 0.021208 0.004851 1.58086 
0.001107 0.012149 0.002374 1.14853 
0.001132 0.008418 0.002051 1.10221 
0.002763 0.020545 0.004739 1.47694 
0.001049 0.01002 0.002026 0.814721 
0.001625 0.013987 0.00311 0.360522 
0.001109 0.010082 0.002204 1.17483 
0.001275 0.010268 0.002349 0.689347 
0.001349 0.009683 0.002116 0.365889 
0.001084 0.010156 0.002294 0.379183 
0.001328 0.010707 0.002517 1.00862 
0.001691 0.013943 0.002955 0.970796 
0.001123 0.011062 0.002031 0.841043 
0.002723 0.008491 0.001793 0.336383 
0.001265 0.007459 0.002607 0.043271 
0.001126 0.010995 0.002559 0.703758 
0.001798 0.012652 0.002872 0.347889 
0.00143 0.009107 0.002272 0.339982 
0.001537 0.014068 0.003193 0.867676 
0.001092 0.011295 0.002517 0.576379 
0.001724 0.00836 0.002497 0.045397 
0.001643 0.012643 0.003008 2.22735 
0.002685 0.020485 0.004956 1.50794 
0.001119 0.009905 0.002442 0.483959 
0.001134 0.010206 0.002001 0.164549 
0.001087 0.010065 0.002905 0.263935 
0.001365 0.010161 0.002765 0.922445 
0.001072 0.008532 0.001984 0.294391 
0.001072 0.01225 0.002332 0.262452 
0.003048 0.023393 0.005409 1.55706 
0.001463 0.008826 0.002081 0.439688 
0.001102 0.008179 0.002261 0.064712 
0.001109 0.010814 0.002432 1.08469 
0.001107 0.010479 0.002224 0.920607 
0.001705 0.012983 0.00295 1.01942 
0.001047 0.008435 0.002653 0.056668 
0.001327 0.010523 0.002354 1.08583 
0.000992 0.010065 0.002672 0.437316 
0.001385 0.009808 0.002738 1.14237 
0.002792 0.008107 0.002472 0.733369 
0.00132 0.008846 0.002464 1.07517 
0.00122 0.010363 0.002227 0.488545 
0.001796 0.017138 0.002242 0.241542 
0.001162 0.008671 0.002382 0.546001 
0.00281 0.008313 0.001961 0.179977 
0.001799 0.012665 0.002957 0.664673 
0.001245 0.01016 0.002329 1.01964 
0.001107 0.009963 0.002123 0.079116 
0.001087 0.010055 0.002214 0.867322 
0.001077 0.019425 0.002204 0.284538 
0.001112 0.0101 0.001989 0.35278 
0.002152 0.016975 0.004406 0.635779 
0.002735 0.007965 0.002538 0.416936 
0.001222 0.010268 0.002394 0.294158 
0.00168 0.008543 0.002274 1.14069 
0.001122 0.010033 0.002355 1.11062 
0.002587 0.022155 0.005036 0.72482 
0.001578 0.013256 0.002981 1.53304 
0.001132 0.010904 0.002609 0.870048 
0.001645 0.010166 0.002397 0.605236 
0.001074 0.008883 0.002401 0.102046 
0.001062 0.010244 0.002006 1.14572 
0.001087 0.028251 0.001931 0.857939 
0.001052 0.010604 0.002161 0.103048 
0.001313 0.00839 0.001904 0.740269 
0.001217 0.008012 0.002154 0.038639 
0.001079 0.00997 0.002332 0.920549 
0.001099 0.009946 0.001838 0.119635 
0.001177 0.010504 0.00231 1.04916 
0.001122 0.009187 0.002102 0.483667 
0.002917 0.022515 0.004764 1.83414 
0.001069 0.010141 0.002226 0.173909 
0.001675 0.011509 0.003183 0.046694 
0.001133 0.012931 0.002482 0.283007 
0.001142 0.010116 0.002296 1.06355 
0.001107 0.012432 0.002395 0.235547 
0.001095 0.008941 0.002392 0.549961 
0.002763 0.020748 0.004663 1.38971 
0.001072 0.010589 0.002264 1.31281 
0.002219 0.016758 0.002474 0.484027 
0.00129 0.013758 0.001876 0.119237 
0.001134 0.010181 0.001918 0.640684 
0.001751 0.014143 0.002762 0.391315 
0.001596 0.01288 0.004128 1.64281 
0.001094 0.011687 0.002462 1.38572 
0.001084 0.009843 0.002008 0.512584 
0.001072 0.012748 0.002372 0.52279 
0.002477 0.017065 0.004396 1.02156 
0.001097 0.010163 0.001938 1.1378 
0.001106 0.011807 0.001906 0.544622 
0.001683 0.012847 0.003361 1.72177 
0.001303 0.008953 0.002177 0.953135 
0.001663 0.009955 0.001953 0.228993 
0.001293 0.010619 0.001888 0.797395 
0.001528 0.013807 0.003206 0.6967 
0.002735 0.021952 0.004992 0.469075 
0.001563 0.014682 0.001998 0.652831 
0.001946 0.0081 0.021208 0.240999 
0.001092 0.008981 0.002093 0.917393 
0.001112 0.009753 0.00255 0.812597 
0.001665 0.010064 0.002098 1.32363 
0.001922 0.014312 0.003358 0.854174 
0.003256 0.023678 0.004969 1.14541 
0.001583 0.009149 0.002397 0.959449 
0.002204 0.008596 0.001901 0.835936 
0.001129 0.027073 0.002427 0.537779 
0.001696 0.010013 0.002692 0.941281 
0.001115 0.012367 0.002439 0.451356 
0.001751 0.013344 0.003176 1.30138 
0.001575 0.008024 0.001843 0.433711 
0.001087 0.010412 0.002309 0.888642 
0.001573 0.013639 0.003093 1.27222 
0.002281 0.049114 0.004839 1.40292 
0.001097 0.008235 0.002104 0.898692 
0.00111 0.010665 0.002462 0.507096 
0.001508 0.010867 0.001959 0.521052 
0.00115 0.010121 0.002291 1.0874 
0.001074 0.010767 0.001929 1.57187 
0.001375 0.010389 0.002106 1.11574 
0.001097 0.00842 0.002102 0.239096 
0.002797 0.010171 0.002199 0.223826 
0.001212 0.010419 0.002758 0.286075 
0.001137 0.010198 0.00193 0.16372 
0.001688 0.009497 0.001912 0.221737 
0.00115 0.008523 0.002079 0.504064 
0.001185 0.009249 0.003774 1.38376 
0.00275 0.020865 0.004763 1.61783 
0.001611 0.012414 0.002932 1.44511 
0.00113 0.009981 0.00255 0.834349 
0.001124 0.011793 0.002246 0.493519 
0.001613 0.012608 0.00331 0.730869 
0.001521 0.015681 0.003043 0.899928 
0.001691 0.015187 0.002787 0.577663 
0.001212 0.012783 0.002421 0.888569 
0.002925 0.016637 0.005304 0.252865 
0.001175 0.010446 0.001937 0.053098 
0.001685 0.012738 0.003721 0.643041 
0.001651 0.012279 0.003176 0.352565 
0.001318 0.008613 0.002177 0.325257 
0.0023 0.017366 0.003925 0.536516 
0.001342 0.021876 0.001869 0.808789 
0.001705 0.010373 0.002557 0.342714 
0.00116 0.010865 0.002337 0.38037 
0.001094 0.012071 0.002627 0.423792 
0.001721 0.012801 0.003356 1.06306 
0.001095 0.012593 0.0028 0.851722 
0.002196 0.00814 0.002365 0.863877 
0.001926 0.013599 0.003443 0.503179 
0.002597 0.010028 0.00258 0.626063 
0.001164 0.010797 0.002472 0.772865 
0.001523 0.011666 0.002649 0.71342 
0.001872 0.013026 0.003374 2.26111 
0.001107 0.010061 0.001949 0.530083 
0.001144 0.008758 0.002592 0.665592 
0.001112 0.0098 0.002234 0.229381 
0.001189 0.008558 0.002179 0.408307 
0.001322 0.011285 0.002668 1.03103 
0.001825 0.012527 0.003452 2.28827 
0.001275 0.006229 0.002312 0.018631 
0.001771 0.014847 0.004142 1.43728 
0.001064 0.010263 0.001916 0.19173 
0.001157 0.008284 0.002437 0.393634 
0.00112 0.008791 0.002559 1.14637 
0.001212 0.010181 0.002419 0.719674 
0.001115 0.009876 0.002669 1.11495 
0.001916 0.014138 0.003722 2.67042 
0.001147 0.010088 0.002618 0.723884 
