111.685 31.8943 0.42917 
112.864 30.6464 0.467033 
112.134 13.5585 0.401606 
112.053 48.1026 0.446028 
111.707 2.45595 0.396579 
114.694 38.4598 0.473049 
112.474 15.2923 0.465964 
112.661 8.61901 0.476127 
110.86 13.9924 0.469966 
111.298 2.50049 0.462387 
112.605 1.25941 0.430718 
115.32 0.69976 0.469395 
111.567 11.7136 0.464846 
115.291 6.49266 0.41903 
109.769 22.6258 0.464641 
110.904 52.3255 0.40377 
107.414 24.9652 0.463199 
111.832 49.437 0.4611 
108.091 114.491 0.400987 
111.297 28.048 0.394289 
114.6 5.93532 0.442444 
112.369 18.2398 0.44718 
114.447 27.1202 0.454267 
114.879 7.28652 0.461638 
116.186 11.0411 0.433385 
115.589 102.417 0.463833 
113.615 33.0318 0.468047 
111.931 14.8702 0.433628 
114.114 12.9533 0.467481 
111.7 14.3703 0.401583 
109.36 13.7431 0.446145 
114.521 14.2574 0.466494 
113.535 2.44301 0.399987 
112.48 22.5891 0.430327 
115.115 0.475161 0.467719 
109.599 22.6521 0.43349 
113.432 3.40623 0.40568 
114.555 13.7471 0.441981 
111.93 86.7162 0.454831 
110.23 4.43721 0.459708 
113.489 1.91865 0.459748 
114.745 21.2376 0.404523 
113.956 1.4124 0.445906 
126.914 28.9778 0.443198 
117.748 267.506 0.466257 
110.344 5.33703 0.468881 
111.795 8.21428 0.400736 
109.992 9.75962 0.465268 
110.342 15.2498 0.41408 
111.138 11.2401 0.401162 
110.699 245.468 0.45748 
117.185 7.39804 0.467163 
112.369 3.30721 0.395459 
109.218 7.67359 0.407419 
112.058 11.0983 0.463918 
109.842 2.78316 0.465741 
113.758 5.17083 0.48498 
115.662 6.03175 0.47853 
111.04 6.83448 0.401906 
115.47 1.60349 0.48603 
110.227 26.214 0.417939 
108.471 144.519 0.46773 
112.746 0.809723 0.467912 
108.099 5.42853 0.468521 
112.301 9.15415 0.467631 
110.877 22.5176 0.459086 
112.164 30.8486 0.420537 
112.481 32.452 0.473097 
111.162 2.62452 0.472806 
110.588 10.5081 0.398988 
113.129 36.4272 0.471404 
107.913 17.9367 0.398662 
119.796 4.86974 0.46651 
111.777 10.5445 0.466795 
142.035 3.16215 0.418268 
114.497 4.24304 0.44842 
112.805 10.9234 0.467023 
109.045 3.7299 0.453618 
115.15 2.9052 0.460536 
110.56 22.7596 0.461009 
110.435 69.8086 0.448084 
111.085 7.33861 0.460782 
113.014 117.055 0.459144 
111.999 3.18712 0.413063 
112.162 5.35128 0.46683 
114.338 1.50805 0.478777 
111.415 51.6082 0.472054 
113.704 7.15001 0.462224 
110.632 11.4673 0.437482 
107.08 20.4306 0.429719 
109.826 42.5306 0.44976 
108.891 31.6267 0.466765 
114.943 2.20793 0.395247 
107.233 7.98209 0.400926 
111.945 2.34702 0.397448 
110.201 7.94147 0.441009 
109.08 14.0417 0.469432 
108.496 3.13402 0.425253 
108.562 33.7271 0.4444 
113.269 2.43058 0.42373 
110.687 7.53834 0.40886 
113.882 1.37738 0.431925 
117.435 3.78519 0.39442 
109.409 12.6903 0.467539 
112.764 1.52218 0.439163 
109.248 21.9196 0.470892 
110.868 6.66403 0.409455 
108.724 7.91652 0.394272 
113.356 49.1963 0.453038 
112.258 2.16984 0.426926 
117.172 1.8822 0.451555 
116.265 1.91822 0.461135 
109.723 169.372 0.460945 
114.041 29.4226 0.468353 
112.761 9.52738 0.466104 
109.433 21.8246 0.471622 
114.244 1.44997 0.463091 
115.179 1.14208 0.419849 
111.723 2.77838 0.462596 
112.764 4.7456 0.452562 
111.083 7.16247 0.460987 
116.201 18.4655 0.471025 
114.402 7.14773 0.434534 
109.521 8.77948 0.412317 
109.101 243.659 0.419963 
115.694 23.6705 0.39427 
114.484 3.66254 0.41945 
108.46 7.41844 0.466321 
106.729 11.0448 0.467797 
108.549 198.546 0.404776 
110.92 7.39864 0.467135 
114.922 1.44783 0.456542 
117.237 27.1399 0.403388 
114.929 11.2962 0.393659 
108.944 2.51496 0.457763 
114.014 0.416532 0.468152 
114.461 7.82026 0.421877 
110.066 19.8384 0.396857 
114.502 8.19211 0.399303 
107.273 14.6199 0.39884 
108.003 114.916 0.427048 
109.032 30.9102 0.395087 
112.911 4.37897 0.391695 
111.888 2.43451 0.3922 
116.971 17.4786 0.463176 
116.048 12.9504 0.467194 
114.527 17.7725 0.395986 
112.798 17.4577 0.462452 
107.842 94.8234 0.416963 
110.383 13.4717 0.425952 
113.015 10.1759 0.412037 
110.41 45.1576 0.466655 
113.325 99.0806 0.440675 
114.539 3428.7 0.400566 
119.292 0.546299 0.477692 
113.535 3.40755 0.415741 
110.095 2.99944 0.461528 
109.314 73.6507 0.468077 
108.873 9.90423 0.402585 
109.675 40.5 0.393168 
112.501 10.8369 0.461403 
109.101 44.1473 0.401325 
109.925 177.53 0.421298 
108.582 23.934 0.461726 
109.565 8.81199 0.435787 
111.392 15.1686 0.472908 
114.587 4.81893 0.391447 
112.537 6.37961 0.466216 
113.069 3.93861 0.465528 
118.118 17.3936 0.465583 
114.916 2.94844 0.471449 
111.491 7.29196 0.46956 
113.792 7.37559 0.469094 
118.531 83.1493 0.459199 
109.475 0.8818 0.426758 
117.775 2.72936 0.46132 
109.549 13.852 0.468393 
109.504 6.65747 0.403977 
108.042 4.9477 0.45405 
110.398 14.5699 0.395868 
116.008 3.84419 0.451673 
112.657 39.7797 0.409089 
106.268 23.7965 0.434189 
118.937 18.0583 0.416658 
115.994 1.6336 0.47262 
109.533 14.5835 0.431289 
115.97 1.53181 0.461017 
115.93 0.498394 0.485918 
112.916 2.20084 0.427129 
109.814 56.0463 0.397072 
112.455 79.4994 0.461839 
115.74 3.14836 0.464994 
107.896 956.153 0.458428 
116.445 1.10678 0.394848 
107.502 43.1393 0.407158 
114.484 2.08971 0.418095 
113.435 20.476 0.440638 
108.046 85.3254 0.39593 
109.9 12.8905 0.466384 
112.028 24.2606 0.466356 
106.433 3.418 0.392023 
112.057 5.99105 0.472741 
112.704 41.2103 0.54681 
111.708 10.2176 0.443934 
112.182 13.5181 0.403539 
109.314 7.67121 0.39882 
109.181 10.6941 0.469986 
120.713 11.16 0.413604 
109.527 10.2579 0.423572 
112.12 46.4048 0.427244 
112.968 29.4324 0.46332 
111.864 10.0685 0.399729 
115.432 32.8375 0.403313 
109.04 24.3054 0.472904 
109.769 4.83645 0.461548 
114.741 48.4048 0.461929 
111.797 61.3179 0.472372 
111.253 44.5916 0.466201 
109.752 5.4606 0.407919 
115.043 148.301 0.433511 
111.054 3.16589 0.435564 
112.935 1.74808 0.466136 
112.849 7.97484 0.470482 
107.892 27.0241 0.433352 
110.951 9.3612 0.462517 
110.665 15.6878 0.423625 
109.222 5.74383 0.400361 
114.404 0.286052 0.449968 
113.236 1.78663 0.459993 
113.949 1.65159 0.461608 
112.502 33.7606 0.412551 
111.404 23.0626 0.474255 
113.728 286.727 0.401665 
117.287 3.92164 0.461192 
113.052 10.3882 0.473124 
111.593 8.84682 0.409306 
111.085 0.722362 0.460834 
113.102 23.5738 0.446256 
111.693 8.65967 0.474248 
111.986 19.5506 0.465257 
114.907 23.1078 0.461268 
115.847 1.02036 0.440673 
110.891 4.26048 0.420832 
109.422 3.9235 0.460854 
115.535 0.690671 0.474121 
112.923 5.53573 0.394082 
112.847 9.49989 0.467578 
109.015 7.37306 0.475315 
112.594 3.01947 0.45416 
112.166 2.35834 0.399209 
109.348 70.8798 0.397762 
109.5 41.018 0.46209 
110.677 3.11022 0.454513 
115.939 5.03371 0.479401 
111.386 2.88243 0.580871 
111.972 4.34718 0.401605 
119.283 5.73527 0.444505 
129.681 29.916 0.516863 
126.928 19.3158 0.467454 
128.445 230.469 0.442626 
114.391 5.50213 0.412117 
113.194 1.99565 0.427267 
113.802 2.08404 0.469214 
115.496 8.79566 0.434935 
118.898 2.49275 0.466388 
113.392 45.651 0.502069 
124.727 9.01931 0.448467 
114.248 38.5722 0.461601 
115.364 52.0853 0.471554 
111.347 10.2769 0.47126 
110.379 4.02677 0.469344 
115.596 13.5309 0.485028 
115.257 2.85586 0.469099 
112.699 48.6414 0.472265 
114.876 2.86387 0.482365 
114.796 44.1012 0.465334 
114.5 7.8277 0.394973 
114.302 13.6004 0.446669 
114.022 9.31216 0.449141 
111.827 33.6598 0.476272 
111.214 13.6292 0.393333 
116.751 26.2576 0.434166 
113.174 22.6473 0.437833 
112.488 1.01885 0.441803 
108.434 58.2412 0.467633 
108.823 6.46358 0.466398 
114.91 12.7932 0.445167 
115.869 2.30195 0.400751 
111.392 19.6238 0.485764 
117.137 1.64886 0.46384 
117.217 5.11605 0.44202 
118.727 29.2103 0.451803 
112.464 2.97123 0.465658 
113.537 33.3838 0.407678 
113.952 10.7618 0.464591 
116.204 1.70516 0.467567 
120.749 2.97847 0.466825 
112.867 48.1126 0.402921 
112.323 8.56149 0.48183 
111.619 58.7951 0.471514 
113.312 30.3796 0.461856 
