248.059 43.4403 0.432809 
235.783 8.96225 0.467822 
237.874 0.360935 0.509669 
224.611 151.469 0.510243 
225.685 31.6074 0.677835 
228.634 12.297 0.460587 
243.034 1.9256 0.49705 
226.698 298.79 0.502938 
232.93 53.2165 0.503816 
238.479 8.2813 0.509647 
234.744 3.03959 0.494136 
235.539 30.3145 0.488975 
240.073 197.139 0.465746 
225.549 5.02093 0.512267 
228.633 49.7486 0.515051 
225.801 5.65602 0.440708 
228.365 44.8708 0.438616 
232.956 5.91985 0.431076 
237.999 10.9734 0.444896 
226.096 12.5268 0.457301 
230.63 8.81409 0.470061 
236.153 15.6537 0.438716 
230.265 1.87369 0.502324 
229.53 3.77535 0.504721 
232.103 6.79716 0.472806 
228.248 16.0057 0.433317 
237.692 38.3192 0.483783 
231.07 1.04663 1.13929 
232.738 2.06532 0.468706 
235.013 5.95012 0.486455 
235.71 39.8623 0.498512 
236.289 15.3452 0.499716 
235.365 1.75499 0.505505 
231.093 59.5433 0.502893 
236.098 18.6489 0.497828 
236.251 21.5011 0.572876 
232.146 6.30445 0.433119 
236.098 5.82039 0.4766 
230.074 16.7963 0.789681 
233.324 27.8525 0.484529 
238.942 22.7655 0.440848 
239.596 0.355199 0.508768 
231.713 14.7054 0.477537 
232.221 3.15528 0.461287 
238.342 6.73355 0.436871 
228.98 17.3615 0.506534 
231.213 5.42791 0.501289 
249.596 15.4542 0.43879 
232.86 6.64621 0.437523 
225.753 13.5937 0.488943 
237.304 2.66697 0.493776 
230.983 9.92513 0.488051 
232.851 1.20479 0.435904 
227.158 8.8617 0.436558 
223.922 6.95852 0.49703 
232.007 20.4018 0.462014 
231.295 5.84429 0.485421 
233.876 8.87162 0.488529 
236.32 23.1707 0.486849 
245.969 13.2036 0.473653 
232.303 31.9718 0.45293 
229.026 6.10598 0.505389 
221.638 6.98492 0.487833 
235.096 1.70791 0.50866 
233.505 4.70901 0.469533 
228.914 5.60148 0.438076 
235.394 60.907 0.507183 
230.898 10.7945 0.500831 
238.293 7.68072 0.435519 
226.617 32.1346 0.48734 
234.454 4.7703 0.469842 
238.118 8.18519 0.505815 
237.036 5.89315 0.494706 
233.333 3.89138 0.502754 
238.15 1.34492 0.508515 
237.402 2.13619 0.444062 
231.349 62.6028 0.431624 
232.306 5.21317 0.513422 
234.144 0.640881 0.497308 
234.852 24.5064 0.507879 
240.982 11.5125 0.436078 
234.053 1.01318 0.440258 
232.853 4.89273 0.50319 
240.571 4.87545 0.511195 
244.798 6.16719 0.491543 
226.749 14.0277 0.51012 
232.42 235.312 0.502945 
238.117 0.75106 0.502677 
235.41 11.4717 0.50823 
225.555 8.66986 0.44473 
233.692 235.977 0.489688 
232.108 81.2123 0.509916 
235.206 2.11394 0.44624 
228.197 59.0374 0.519039 
234.465 22.7158 0.478731 
229.645 25.7564 0.437112 
244.241 15.809 0.498251 
235.451 8.63958 0.492356 
230.836 1.75378 0.497232 
229.433 6.03958 0.507291 
236.059 27.9642 0.437765 
229.54 13.654 0.459863 
231.803 14.1645 0.504931 
235.538 39.5179 0.460872 
235.38 5.84102 0.478093 
228.848 6.07429 0.497425 
225.659 213.185 0.48192 
243.992 9.26719 0.488544 
240.488 10.7565 0.506685 
241.088 12.5038 0.442659 
232.572 49.3305 0.51125 
218.746 507.916 0.455004 
231.025 30.4593 0.456077 
226.86 491.927 0.467011 
233.712 67.1646 0.482175 
231.926 4.06381 0.505169 
238.061 2.09545 0.47157 
234.632 39.6756 0.500072 
233.722 3.2298 0.46303 
243.743 52.4582 0.451237 
233.723 9.05162 0.434164 
219.42 47.4232 0.440633 
237.512 3.21174 0.439286 
230.788 234.888 0.494673 
234.859 11.3073 0.45405 
235.162 28.2753 0.437207 
239.46 36.6433 0.437101 
226.974 14.1253 0.501385 
231.339 3.02733 0.491414 
225.93 56.6152 0.48482 
224.647 85.0347 0.470358 
234.501 6.57136 0.456113 
225.781 47.2734 0.476297 
238.331 2.45212 0.434227 
227.181 107.531 0.500653 
230.225 13.9726 0.491126 
223.999 6.63571 0.432365 
221.067 50.5372 0.491016 
229.521 22.6801 0.472954 
225.142 82.1821 0.494773 
231.15 9.9245 0.452745 
224.354 16.3376 0.506181 
231.574 37.9941 0.437255 
225.567 23.9607 0.477888 
230.574 3.07618 0.447843 
234.638 8.21095 0.515197 
231.906 10.8749 0.502685 
225.569 21.9597 0.496459 
235.504 4.46178 0.468581 
232.327 1.06108 0.44472 
230.228 10.9777 0.455838 
233.764 25.1562 0.476325 
227.73 5.38888 0.466352 
224.018 33.686 0.441051 
234.895 11.4122 0.477035 
229.594 23.3043 0.504981 
232.583 12.462 0.444771 
236.4 46.725 0.548487 
233.633 14.2016 0.512746 
235.861 11.485 0.479528 
239.907 4.3315 0.465796 
233.197 3.24026 0.438056 
234.44 10.2751 0.485371 
247.8 14.2555 0.501365 
232.074 8.18326 0.515786 
226.171 0.834515 0.506139 
233.509 17.3802 0.50234 
237.115 1.35249 0.473332 
234.718 12.8261 0.500834 
228.76 9.06535 0.43747 
230.062 13.8181 0.474842 
225.367 39.32 0.490412 
233.172 2.88118 0.498319 
231.595 54.8857 0.504922 
231.771 283.986 0.433237 
231.597 12.599 0.491294 
233.702 5.89504 0.479741 
240.613 4.2107 0.481539 
225.722 32.0819 0.448181 
229.025 2.66355 0.507293 
228.855 1.05843 0.433355 
232.337 3.58666 0.479398 
226.646 26.1024 0.498327 
232.027 9.54343 0.509935 
236.712 3.55052 0.446032 
240.852 1.19556 0.430961 
232.772 4.39394 0.433768 
230.495 6.48986 0.479147 
228.344 71.1467 0.500511 
235.657 4.82175 0.488123 
223.757 20.8902 0.503304 
227.914 16.7999 0.446349 
226.705 9.43404 0.504027 
226.553 4.12815 0.498093 
232.334 14.1704 0.51116 
235.321 13.7563 0.531371 
227.024 11.6772 0.521691 
228.371 32.7611 0.502096 
232.113 22.0684 0.477339 
224.268 70.697 0.501465 
227.75 4.11451 0.49611 
230.578 66.0932 0.462317 
224.938 10.9315 0.481485 
224.092 31.6527 0.500689 
248.219 9.9851 0.459146 
223.942 209.55 0.500383 
224.879 92.6618 0.505171 
236.264 7.86394 0.44152 
233.326 103.226 1.16381 
235.24 16.956 0.448326 
233.915 1.29104 0.439205 
236.411 13.6046 0.434755 
231.345 26.6295 0.496396 
229.184 13.5069 0.438198 
234.203 4.20634 0.484149 
236.823 4.0154 0.50824 
224.969 14.2902 0.4376 
229.493 31.6821 0.497403 
232.146 1.58571 0.498707 
235.669 10.5466 0.50412 
230.001 12.9163 0.514741 
237.137 62.482 0.43594 
235.331 5.87747 0.497683 
230.688 22.5435 0.48727 
231.017 39.276 0.471969 
236.083 17.7664 0.440257 
232.807 86.4871 0.50292 
221.402 229.585 0.450458 
232.594 7.52793 0.476474 
235.015 2.72142 0.518803 
233.679 72.9564 0.48482 
233.23 3.71311 0.447405 
236.701 10.2609 0.45029 
221.446 35.4586 0.49451 
235.232 86.3022 0.488223 
226.56 118.057 0.497438 
226.939 66.1633 0.483703 
227.87 1.50367 0.50039 
236.919 6.50964 0.468691 
233.95 10.7268 0.483453 
223.568 12.5309 0.496401 
226.268 4.23035 0.453631 
234.003 3.92153 0.503411 
235.168 8.46832 0.497804 
222.868 17.3532 0.502106 
226.016 18.8439 0.487652 
229.449 10.2115 0.472312 
234.347 14.6759 0.460925 
231.497 20.5844 0.517554 
231.023 9.74157 0.473505 
224.196 135.324 0.504027 
233.085 45.5519 0.464 
231.091 3.8921 0.504638 
240.005 0.867626 0.494748 
229.499 428.711 0.469673 
237.72 24.7655 0.481214 
236.57 0.581055 0.474612 
222.271 102.064 0.48567 
235.5 33.3125 0.484189 
230.899 3.01627 0.472726 
242.14 36.1958 0.510798 
229.124 4.5222 0.430772 
233.323 2.72728 0.504602 
227.277 27.3343 0.482493 
235.056 12.0295 0.488162 
239.274 148.869 0.434669 
243.659 38.3156 0.454455 
223.957 133.708 0.516845 
228.769 3.1751 0.46704 
228.994 6.98435 0.466993 
234.774 18.5402 0.496778 
225.024 102.038 0.499785 
231.48 81.7789 0.43518 
243.986 5.26962 0.50474 
236.116 4.15037 0.432651 
234.156 27.2141 0.448437 
226.764 214.326 0.500327 
230.664 72.7389 0.475748 
252.489 2.56632 0.463592 
225.83 2.14575 0.438025 
227.847 5.17687 0.513 
235.782 0.458713 0.510178 
234.996 2.96528 0.513834 
233.21 101.891 0.500571 
234.343 1.43979 0.440012 
232.371 10.9148 0.504954 
241.419 5.05219 0.507997 
235.986 5.12439 0.50666 
236.644 2.54332 0.436684 
235.164 5.97532 0.459117 
241.13 10.6887 0.503413 
237.554 1.07265 0.430162 
243.436 71.3138 0.498366 
232.78 4.65423 0.437835 
233.608 14.6617 0.448562 
228.833 54.7727 0.452191 
228.623 14.8704 0.48653 
229.974 2.75601 0.513511 
225.33 18.751 0.502562 
232.104 3.65342 0.472768 
241.495 2.49869 0.453356 
